1 183 3
1 28 3
1 30 3
1 11 2
1 50 2
1 101 2
1 12 1
1 13 1
1 14 1
1 56 3
1 377 3
1 858 3
1 184 2
1 29 2
1 36 2
1 51 1
1 141 1
1 194 1
1 874 3
1 55 2
1 65 2
1 94 2
1 461 1
1 496 2
1 857 2
1 875 2
1 878 2
1 879 2
2 11 4
2 14 3
2 183 3
2 857 3
2 50 2
2 101 2
2 201 2
2 13 1
2 51 1
2 379 1
2 745 4
2 858 3
2 947 3
2 284 2
2 389 2
2 390 2
2 441 1
2 496 2
2 642 2
2 855 2
2 856 2
2 876 2
2 863 2
2 657 2
3 4 2
3 5 2
3 89 2
3 90 2
3 118 2
3 143 2
3 180 2
3 398 2
4 235 2
4 165 2
5 551 4
5 400 2
5 1296 2
5 1295 4
6 98 3
6 114 2
6 256 2
6 257 2
7 19 3
7 55 2
7 56 2
7 57 2
7 18 1
8 47 4
8 121 4
8 19 2
8 57 2
8 195 2
8 353 4
8 359 4
8 196 2
8 998 2
8 1111 2
8 1004 4
9 20 3
9 21 3
9 549 3
10 258 3
10 404 3
10 301 2
10 435 2
10 436 2
10 437 2
10 997 2
10 1010 2